n = 2
Nodes:   [1;-1]
Weights: [1;1]

n = 3
Nodes:   [1;0;-1]
Weights: [0.333333333333333;1.33333333333333;0.333333333333333]

n = 4
Nodes:   [1;0.447213595499958;-0.447213595499958;-1]
Weights: [0.166666666666667;0.833333333333334;0.833333333333334;0.166666666666667]

n = 5
Nodes:   [1;0.654653670707977;0;-0.654653670707977;-1]
Weights: [0.1;0.544444444444444;0.711111111111111;0.544444444444444;0.1]

n = 6
Nodes:   [1;0.765055323929465;0.285231516480645;-0.285231516480645;-0.765055323929465;-1]
Weights: [0.0666666666666667;0.378474956297847;0.554858377035486;0.554858377035486;0.378474956297847;0.0666666666666667]

n = 7
Nodes:   [1;0.830223896278567;0.468848793470714;0;-0.468848793470714;-0.830223896278567;-1]
Weights: [0.0476190476190476;0.276826047361566;0.431745381209863;0.487619047619048;0.431745381209863;0.276826047361566;0.0476190476190476]

n = 8
Nodes:   [1;0.871740148509607;0.591700181433142;0.209299217902479;-0.209299217902479;-0.591700181433142;-0.871740148509607;-1]
Weights: [0.0357142857142857;0.210704227143506;0.341122692483504;0.412458794658704;0.412458794658704;0.341122692483504;0.210704227143506;0.0357142857142857]

n = 9
Nodes:   [1;0.89975799541146;0.677186279510738;0.363117463826178;0;-0.363117463826178;-0.677186279510738;-0.89975799541146;-1]
Weights: [0.0277777777777778;0.165495361560806;0.274538712500162;0.346428510973046;0.371519274376417;0.346428510973046;0.274538712500162;0.165495361560806;0.0277777777777778]

n = 10
Nodes:   [1;0.919533908166459;0.738773865105505;0.477924949810444;0.165278957666387;-0.165278957666387;-0.477924949810444;-0.738773865105505;-0.919533908166459;-1]
Weights: [0.0222222222222222;0.13330599085107;0.224889342063127;0.292042683679684;0.327539761183898;0.327539761183898;0.292042683679684;0.224889342063127;0.13330599085107;0.0222222222222222]

n = 11
Nodes:   [1;0.934001430408059;0.784483473663144;0.565235326996205;0.295758135586939;0;-0.295758135586939;-0.565235326996205;-0.784483473663144;-0.934001430408059;-1]
Weights: [0.0181818181818182;0.109612273266995;0.187169881780305;0.248048104264028;0.286879124779008;0.300217595455691;0.286879124779008;0.248048104264028;0.187169881780305;0.109612273266995;0.0181818181818182]

n = 12
Nodes:   [1;0.944899272222882;0.819279321644007;0.632876153031861;0.399530940965349;0.136552932854928;-0.136552932854928;-0.399530940965349;-0.632876153031861;-0.819279321644007;-0.944899272222882;-1]
Weights: [0.0151515151515152;0.0916845174131961;0.15797470556437;0.212508417761021;0.251275603199201;0.271405240910696;0.271405240910696;0.251275603199201;0.212508417761021;0.15797470556437;0.0916845174131961;0.0151515151515152]

n = 13
Nodes:   [1;0.953309846642164;0.846347564651872;0.686188469081757;0.482909821091336;0.24928693010624;0;-0.24928693010624;-0.482909821091336;-0.686188469081757;-0.846347564651872;-0.953309846642164;-1]
Weights: [0.0128205128205128;0.077801686746819;0.134981926689609;0.18364686520355;0.22076779356611;0.244015790306676;0.251930849333447;0.244015790306676;0.22076779356611;0.18364686520355;0.134981926689609;0.077801686746819;0.0128205128205128]

n = 14
Nodes:   [1;0.959935045267261;0.867801053830347;0.728868599091326;0.550639402928647;0.342724013342713;0.116331868883704;-0.116331868883704;-0.342724013342713;-0.550639402928647;-0.728868599091326;-0.867801053830347;-0.959935045267261;-1]
Weights: [0.010989010989011;0.0668372844976812;0.116586655898712;0.160021851762952;0.194826149373416;0.219126253009771;0.231612794468457;0.231612794468457;0.219126253009771;0.194826149373416;0.160021851762952;0.116586655898712;0.0668372844976812;0.010989010989011]

n = 15
Nodes:   [1;0.965245926503839;0.885082044222976;0.763519689951815;0.606253205469846;0.420638054713672;0.215353955363794;0;-0.215353955363794;-0.420638054713672;-0.606253205469846;-0.763519689951815;-0.885082044222976;-0.965245926503839;-1]
Weights: [0.00952380952380952;0.0580298930286012;0.101660070325718;0.140511699802428;0.172789647253601;0.196987235964613;0.211973585926821;0.217048116348816;0.211973585926821;0.196987235964613;0.172789647253601;0.140511699802428;0.101660070325718;0.0580298930286012;0.00952380952380952]
