n = 2
Nodes:   [0.577350269189626;-0.577350269189626]
Weights: [0.999999999999999;0.999999999999999]

n = 3
Nodes:   [0.774596669241483;0;-0.774596669241483]
Weights: [0.555555555555556;0.888888888888889;0.555555555555556]

n = 4
Nodes:   [0.861136311594053;0.339981043584856;-0.339981043584856;-0.861136311594053]
Weights: [0.347854845137454;0.652145154862546;0.652145154862546;0.347854845137454]

n = 5
Nodes:   [0.906179845938664;0.538469310105683;-1.34940133673351e-79;-0.538469310105683;-0.906179845938664]
Weights: [0.236926885056189;0.478628670499366;0.568888888888889;0.478628670499366;0.236926885056189]

n = 6
Nodes:   [0.932469514203152;0.661209386466265;0.238619186083197;-0.238619186083197;-0.661209386466265;-0.932469514203152]
Weights: [0.17132449237917;0.360761573048139;0.467913934572691;0.467913934572691;0.360761573048139;0.17132449237917]

n = 7
Nodes:   [0.949107912342758;0.741531185599394;0.405845151377397;0;-0.405845151377397;-0.741531185599394;-0.949107912342758]
Weights: [0.129484966168869;0.279705391489277;0.381830050505119;0.417959183673469;0.381830050505119;0.279705391489277;0.129484966168869]

n = 8
Nodes:   [0.960289856497536;0.796666477413627;0.525532409916329;0.18343464249565;-0.18343464249565;-0.525532409916329;-0.796666477413627;-0.960289856497536]
Weights: [0.101228536290376;0.222381034453375;0.313706645877887;0.362683783378362;0.362683783378362;0.313706645877887;0.222381034453375;0.101228536290376]

n = 9
Nodes:   [0.968160239507626;0.836031107326636;0.61337143270059;0.324253423403809;0;-0.324253423403809;-0.61337143270059;-0.836031107326636;-0.968160239507626]
Weights: [0.0812743883615733;0.180648160694857;0.260610696402936;0.312347077040003;0.33023935500126;0.312347077040003;0.260610696402936;0.180648160694857;0.0812743883615733]

n = 10
Nodes:   [0.973906528517172;0.865063366688984;0.679409568299024;0.433395394129247;0.148874338981631;-0.148874338981631;-0.433395394129247;-0.679409568299024;-0.865063366688984;-0.973906528517172]
Weights: [0.0666713443086874;0.149451349150581;0.219086362515982;0.269266719309996;0.295524224714753;0.295524224714753;0.269266719309996;0.219086362515982;0.149451349150581;0.0666713443086874]

n = 11
Nodes:   [0.978228658146057;0.887062599768095;0.730152005574049;0.519096129206812;0.269543155952345;0;-0.269543155952345;-0.519096129206812;-0.730152005574049;-0.887062599768095;-0.978228658146057]
Weights: [0.0556685671161725;0.125580369464905;0.186290210927734;0.233193764591991;0.262804544510247;0.272925086777901;0.262804544510247;0.233193764591991;0.186290210927734;0.125580369464905;0.0556685671161725]

n = 12
Nodes:   [0.981560634246719;0.904117256370475;0.769902674194305;0.587317954286617;0.36783149899818;0.125233408511469;-0.125233408511469;-0.36783149899818;-0.587317954286617;-0.769902674194305;-0.904117256370475;-0.981560634246719]
Weights: [0.0471753363865112;0.106939325995319;0.160078328543346;0.203167426723066;0.233492536538355;0.249147045813403;0.249147045813403;0.233492536538355;0.203167426723066;0.160078328543346;0.106939325995319;0.0471753363865112]

n = 13
Nodes:   [0.984183054718588;0.917598399222978;0.80157809073331;0.64234933944034;0.448492751036447;0.230458315955135;0;-0.230458315955135;-0.448492751036447;-0.64234933944034;-0.80157809073331;-0.917598399222978;-0.984183054718588]
Weights: [0.0404840047653152;0.0921214998377285;0.138873510219787;0.178145980761946;0.207816047536888;0.226283180262897;0.232551553230874;0.226283180262897;0.207816047536888;0.178145980761946;0.138873510219787;0.0921214998377285;0.0404840047653152]

n = 14
Nodes:   [0.986283808696812;0.928434883663574;0.827201315069765;0.687292904811685;0.515248636358154;0.31911236892789;0.108054948707344;-0.108054948707344;-0.31911236892789;-0.515248636358154;-0.687292904811685;-0.827201315069765;-0.928434883663574;-0.986283808696812]
Weights: [0.0351194603317514;0.0801580871597603;0.121518570687903;0.157203167158194;0.185538397477938;0.205198463721296;0.215263853463158;0.215263853463158;0.205198463721296;0.185538397477938;0.157203167158194;0.121518570687903;0.0801580871597603;0.0351194603317514]

n = 15
Nodes:   [0.987992518020485;0.937273392400706;0.848206583410427;0.72441773136017;0.570972172608539;0.394151347077563;0.201194093997435;0;-0.201194093997435;-0.394151347077563;-0.570972172608539;-0.72441773136017;-0.848206583410427;-0.937273392400706;-0.987992518020485]
Weights: [0.0307532419961168;0.0703660474881081;0.107159220467172;0.139570677926154;0.166269205816994;0.186161000015562;0.198431485327111;0.202578241925561;0.198431485327111;0.186161000015562;0.166269205816994;0.139570677926154;0.107159220467172;0.0703660474881081;0.0307532419961168]
